sample_id	label	1,2-anhydro-myo-inositol	1-hexadecanol	2-hydroxyglutaric acid	2-isopropylmalic acid	2-ketoisocaproic acid	3,6-anhydrogalactose	3-hydroxy-3-methylglutaric acid	4-hydroxyproline	alanine	alpha ketoglutaric acid	arabinose	arabitol	arachidic acid	asparagine	aspartic acid	behenic acid	benzoic acid	beta alanine	butyl stearate	caffeic acid	cellobiose	cis-caffeic acid	citramalate	citric acid	citrulline	conduritol-beta-epoxide	cysteine	dehydroascorbate	erythritol	fructose	fucose	GABA	galactinol	galactonic acid	galactose	galacturonic acid	glucoheptulose	gluconic acid	glucose	glucuronic acid	glutamic acid	glyceric acid	glycerol	glycerol-3-galactoside NIST	glycerol-alpha-phosphate	glycine	guanine	heptadecanoic acid	homoserine	indole-3-lactate	inositol myo-	inulobiose	isocitric acid	isogalactinol	isoleucine	isothreonic acid	lactic acid	Lauric acid	leucine	lysine	lyxitol	malate	maleic acid	maltose	mannitol	melibiose	methionine	N-acetyl-D-hexosamine	N-acetyl-D-mannosamine	nicotianamine	octadecanol	Oleic acid	ornithine	oxoproline	palmitic acid	pelargonic acid	phenylalanine	pipecolic acid	proline	pseudo uridine	putrescine	quinic acid	ribonic acid	ribose	saccharopine	serine	shikimic acid	sophorose	sorbitol	spermidine	Stearic acid	suberyl glycine	succinic acid	talose	tartaric acid	threitol	threonic acid	threonine	trehalose	tryptophan	tyrosine	uracil	urea	uridine	valine	xanthine	xylitol	xylose	variety	variety_group
string	string	continuous	continuous	continuous	continuous	continuous	continuous	continuous	continuous	continuous	continuous	continuous	continuous	continuous	continuous	continuous	continuous	continuous	continuous	continuous	continuous	continuous	continuous	continuous	continuous	continuous	continuous	continuous	continuous	continuous	continuous	continuous	continuous	continuous	continuous	continuous	continuous	continuous	continuous	continuous	continuous	continuous	continuous	continuous	continuous	continuous	continuous	continuous	continuous	continuous	continuous	continuous	continuous	continuous	continuous	continuous	continuous	continuous	continuous	continuous	continuous	continuous	continuous	continuous	continuous	continuous	continuous	continuous	continuous	continuous	continuous	continuous	continuous	continuous	continuous	continuous	continuous	continuous	continuous	continuous	continuous	continuous	continuous	continuous	continuous	continuous	continuous	continuous	continuous	continuous	continuous	continuous	continuous	continuous	continuous	continuous	continuous	continuous	continuous	continuous	continuous	continuous	continuous	continuous	continuous	continuous	continuous	continuous	continuous	discrete	discrete
meta	meta																																																																																																													meta	class
421724	Chardonnay, Carneros, CA 2003 (CH01)	10631	1321	69338	4304	439	1795	2071	16312	256068	2493	42128	6585	1143	6688	31065	982	2713	12388	3843	1025	7362	755	17145	87610	5853	44368	916	8841	94964	232562	12032	202452	975	1161	165461	117550	2806	4628	215477	2215	10617	4037	840022	7916	736	71971	700	1849	2826	737	149148	823	4611	1894	25968	4003	1.2043e+06	9566	78214	55030	4040	128658	282983	2214	183236	4227	5320	10442	10150	439	1077	303	45854	162320	8538	8403	20164	14393	2.61131e+06	2201	15797	2226	2263	5728	580	30240	40160	4271	86627	1766	53357	1210	872121	2530	353311	8107	6085	19984	2156	382	27347	11203	2296	179	44462	989	1851	33896	Chardonnay	Chardonnay
421728	Chardonnay, Carneros, CA 2003 (CH01)	9158	3150	67521	4100	582	1988	729	16115	240116	1977	48592	6225	1683	7667	32079	1798	3188	12366	2898	1100	9391	710	16004	86478	6666	46272	1021	8879	93033	248372	12509	189797	1290	1619	164705	122996	3127	4985	212112	1365	10577	3644	800864	8543	792	67405	752	1787	2814	797	183393	946	4671	2386	24122	4135	1.13171e+06	5390	74773	52129	4403	131868	273949	2293	123782	5710	5931	11185	10490	543	962	230	50504	160802	8640	11287	18317	12789	2.81335e+06	540	17040	2161	2328	5643	439	28510	44062	4958	82837	1838	55097	905	816182	2518	353337	7752	6318	16270	1655	560	28733	5072	1930	143	41716	970	1852	32772	Chardonnay	Chardonnay
421732	Chardonnay, Carneros, CA 2003 (CH01)	12347	875	59946	3744	438	1617	1575	14230	259905	1925	47900	6721	1191	7775	26284	1333	3202	10862	1266	892	8418	352	14809	84910	4552	45320	3214	8462	90579	287407	11964	185307	1063	2679	26999	118605	2570	4347	226711	2122	11723	3325	576924	8331	1121	68092	576	1673	2337	500	192184	889	4311	2281	23566	3591	1.30118e+06	5218	76093	48182	3845	129363	279758	2156	160735	5314	5369	11847	10281	388	319	132	38712	141644	5200	8086	17476	12052	2.87987e+06	1498	15723	2269	2188	5657	288	25274	41156	4350	95176	1796	34858	859	904666	2332	338063	7342	5555	16857	1372	360	24974	6567	3435	142	42632	826	1902	34121	Chardonnay	Chardonnay
421736	Chardonnay, Carneros, CA 2003 (CH01)	9941	3795	61457	4257	568	2192	2042	15688	240843	2306	50095	6509	1455	7924	28936	1409	3200	11249	3184	1454	12037	568	15216	90037	5434	49436	3012	9603	84173	267640	12546	186900	1815	1403	25195	123320	3662	5121	216924	1199	11033	3136	962652	9588	1356	63917	756	2116	3129	696	185604	1195	4770	3631	23147	3480	1.1145e+06	6881	73343	52378	4044	126128	260908	3918	140459	506	5502	13264	11431	617	1297	368	51628	151720	9737	11179	16739	14211	2.77948e+06	2586	16031	2258	2395	5431	786	28831	41234	7106	93533	2120	58994	1001	815645	2093	338324	7127	5488	18254	2233	704	29153	4538	2527	254	41355	1021	1934	31187	Chardonnay	Chardonnay
421740	Chardonnay, Carneros, CA 2003 (CH01)	11059	1606	66112	4456	426	1836	745	15872	260934	2281	42258	7809	1092	7716	29015	1799	2683	10995	1023	1196	11219	618	15004	95684	5209	50110	2294	9851	97394	305726	12681	192158	1633	1515	26292	137151	3324	4797	256725	2805	11587	2362	334959	9639	589	63283	693	2271	2828	678	202650	738	4621	3020	22477	4132	1.37076e+06	5508	74807	56064	4437	109649	290837	2703	165850	7126	5362	14017	12082	556	764	268	54190	158770	8095	8244	18990	12189	2.83995e+06	2635	17548	2354	2322	6063	1052	23575	43601	6442	97066	2068	54102	948	878421	2534	314246	7487	6268	18741	1751	419	29747	4652	2257	185	41284	1065	2158	34102	Chardonnay	Chardonnay
421744	Chardonnay, Carneros, CA 2003 (CH01)	11585	1856	67257	4635	580	2294	1549	15890	247404	2411	54585	7774	1755	8831	30670	2655	2596	12023	5217	1239	13937	836	17235	103755	5697	56952	177	10292	92397	259527	14146	199703	1837	1630	27115	134237	3907	5344	268825	2840	12123	2983	612612	10178	1661	69327	832	2361	2652	725	188884	787	5079	3542	24888	4013	1.14243e+06	21185	74548	58028	4347	131937	265860	3273	170919	7377	5924	12074	12948	518	1084	389	46734	163485	9175	7629	20678	14101	2.68655e+06	3551	17124	2448	2627	6417	782	31120	48129	6984	90524	2244	62617	1461	898714	2613	366072	8251	6147	18011	2377	567	31295	8989	2763	214	43756	1027	1843	33939	Chardonnay	Chardonnay
421749	Chardonnay, Carneros, CA 2003 (CH02)	10976	2347	60278	3910	649	1373	1941	16294	331021	1355	38806	7051	1248	8413	39301	2303	2657	12928	1160	918	14514	450	15150	75787	7496	51011	1197	8725	84572	126479	13568	258944	2124	1445	23886	112189	3743	7712	57438	2296	12951	2685	685048	8909	1559	92840	2169	2383	2380	869	202154	1295	4956	3311	32488	3370	1.41391e+06	15315	103886	74855	4569	58754	289342	3435	212233	8262	7543	13811	11525	532	869	168	83274	163176	8701	6506	25178	9333	2.91744e+06	2837	22853	1924	2545	5830	337	31306	37396	7814	84450	3130	43740	1082	797738	2646	429009	7704	4985	23015	1888	114	32545	7478	4779	204	53665	874	2348	29169	Chardonnay	Chardonnay
421753	Chardonnay, Carneros, CA 2003 (CH02)	11663	2165	70875	4858	600	1618	2321	21089	335072	1840	39679	8117	1146	8792	47976	1557	3883	16110	781	1296	8653	651	18724	86889	8455	50545	896	9905	97783	129328	13931	311885	1029	1735	22978	122044	3201	8107	60808	2341	14465	4175	852093	7577	1616	107706	2128	1729	3766	714	160777	832	5274	1820	41667	3896	1.24696e+06	3358	124414	80086	4988	72556	296879	795	214325	4043	9041	13350	11069	505	1048	185	87681	197420	8605	11404	31108	13804	2.68825e+06	2963	24958	1776	2880	7271	473	42616	41669	4004	71148	2974	36739	1429	809822	2310	395868	9583	5951	28288	1293	120	39914	5532	4673	493	66580	1100	2382	34342	Chardonnay	Chardonnay
421757	Chardonnay, Carneros, CA 2003 (CH02)	12424	2027	70915	4638	503	1369	2382	20867	311693	1875	39018	8249	1560	9997	49049	1419	4080	15945	1151	1002	15916	593	18163	89548	9348	58986	1421	10030	98086	138320	15290	300584	2295	1935	25864	133631	4528	9525	64262	631	15277	5434	570853	10446	1259	102475	2575	2204	3480	1045	188115	842	5953	4184	36506	3783	1.22685e+06	5165	118494	92660	5660	69892	276424	3717	221264	2348	8691	15536	13789	775	796	122	104854	165455	7277	10843	32382	12928	2.78478e+06	3729	25882	2137	3138	6896	783	34376	45251	9080	76706	3818	47623	1248	897985	2109	456464	8662	5900	24993	1792	193	41435	6593	3901	597	60367	1408	2456	34851	Chardonnay	Chardonnay
421761	Chardonnay, Carneros, CA 2003 (CH02)	13364	1964	70742	4708	206	1572	2271	18519	312192	2031	39512	8671	1581	9097	47837	1676	4145	16301	1125	1070	15512	601	18867	95085	9281	58173	273	10910	90326	142748	15031	308254	2377	1978	27353	138261	4337	8902	65583	10610	15339	4024	555234	10344	1469	108599	2509	2360	3463	999	190433	622	5680	4288	38508	3826	1.21822e+06	1374	119710	91113	5039	76388	283171	3924	148109	2929	9340	14653	13059	746	794	133	99375	183521	6560	7789	30018	12551	2.81646e+06	849	26285	1662	3211	6471	866	40847	45625	8447	74727	4255	41448	1435	925511	2525	451948	8949	5732	28358	1896	210	45560	5111	3663	590	61252	1385	2458	32045	Chardonnay	Chardonnay
421765	Chardonnay, Carneros, CA 2003 (CH02)	11889	3343	73578	4824	615	1451	2477	22440	317662	2048	41703	8490	1623	9202	48268	2116	4078	15999	1284	1053	14893	620	18822	89167	9753	55361	1564	10128	95391	138091	14610	316294	2111	1833	25593	132222	4065	9151	64618	2437	14800	9609	463856	10624	1390	105797	2295	2157	3372	872	197885	863	5526	2005	38915	3899	1.25641e+06	6265	120921	89161	5291	74043	291126	2937	168623	8043	9765	15921	12651	714	1055	202	108549	199091	7412	8289	31129	13420	2.96646e+06	1022	25602	2067	3204	7116	884	36599	46151	7770	78495	3634	42745	1312	768527	3034	466662	9423	5605	22530	1865	151	40720	6378	3610	408	60910	1218	2541	33842	Chardonnay	Chardonnay
421769	Chardonnay, Carneros, CA 2003 (CH02)	12568	2195	69558	4462	599	1486	2092	18347	360054	1739	38438	8651	1367	9753	45366	1864	3278	14490	2006	1022	15322	563	16965	87562	7797	56627	243	9157	95667	141477	13966	298330	1939	7610	25366	133139	3983	8468	66060	2749	15329	4131	512929	9703	1952	108217	2138	2101	2936	824	207120	907	5279	3699	37750	3964	1.40217e+06	17505	124803	94668	5108	63046	314756	3498	223557	7657	8515	16133	12543	591	1061	143	71313	181068	5977	8521	29971	13186	2.68586e+06	2710	26755	2357	2952	7079	548	37989	39795	8521	82941	3630	36357	1000	850442	2126	402657	8780	5820	23317	1830	195	40199	6109	4689	325	62148	1222	2769	33855	Chardonnay	Chardonnay
421774	Chardonnay, Carneros, CA 2004	8697	1887	74761	3144	373	2582	2018	16352	129322	1959	25025	4977	1378	5541	17702	2729	4351	10789	3081	1924	26303	903	23621	28435	1563	37082	1839	14570	123487	409448	10264	53720	1571	1010	14575	80791	2936	708	290625	816	6605	1607	797806	11374	902	44025	172	2349	1901	992	184736	1179	2722	3110	15391	3452	1.03684e+06	2896	58151	41251	3610	40912	291765	9446	333335	466	4230	9458	10371	508	933	303	15064	75960	8720	12802	13098	5987	2.90204e+06	2262	13124	2159	1379	4355	432	14908	34059	8377	102247	1040	63650	793	1.0562e+06	2076	291781	7495	4651	10613	15582	1454	19381	6221	1464	107	26460	739	1524	26010	Chardonnay	Chardonnay
421778	Chardonnay, Carneros, CA 2004	9724	925	74915	3299	534	2696	1147	16222	128708	2241	24268	4522	1369	6078	17439	1183	2720	12660	2315	2592	26788	1343	25558	27466	1250	36179	2263	12895	126771	415308	10167	56504	1552	1052	14683	85275	2801	789	285728	1741	6207	3247	1.11527e+06	10508	1785	50225	222	1658	1894	933	171024	1096	2863	3116	16852	3472	975596	10272	56285	40751	4553	43495	267275	8958	308410	320	4156	11523	10378	393	241	124	10264	73522	3951	7383	13091	5217	2.69131e+06	1925	17164	2142	1405	4671	382	18620	33628	8150	92257	1002	31304	742	1.07069e+06	1859	318493	8007	4719	10918	16329	1453	18489	5139	3112	124	30511	648	1400	24351	Chardonnay	Chardonnay
421782	Chardonnay, Carneros, CA 2004	9880	1077	87113	3712	384	3126	1505	16838	119177	3320	29820	5773	1276	7457	21700	2495	4922	14387	4342	2449	34448	1901	29873	35949	1598	46072	796	16203	146237	360790	12189	63851	1934	1048	231177	97423	2976	1125	285854	6144	7197	2860	582608	14290	2371	56056	285	2572	2213	1196	188888	989	3752	3910	19195	4135	816995	11743	61676	47298	5523	49332	251472	11205	378710	1397	4846	13158	13276	488	447	188	11478	97633	11049	38768	14706	5768	2.64288e+06	3446	20150	2575	2042	5160	556	23217	44107	10119	102896	1287	100638	1260	1.1986e+06	2764	380277	9979	5536	12886	20416	2049	24635	12868	3128	202	33914	1032	1467	28737	Chardonnay	Chardonnay
421786	Chardonnay, Carneros, CA 2004	9541	2244	93519	3866	484	3251	2594	14069	115566	3522	31345	6810	1723	6455	21564	2915	4727	15115	4249	2256	37094	1912	32802	37936	1560	45644	113	18176	127092	327196	12476	68078	2171	1359	156131	99713	4650	1195	297550	998	8288	2908	457934	14801	1213	57957	286	2622	2847	1484	197748	1365	4020	4680	18710	4481	845998	12728	68405	50609	4387	56125	269709	11777	400277	8763	5347	13624	14732	373	852	218	17058	107859	12115	40699	17463	7371	2.71432e+06	3301	15266	2985	1827	6224	769	16831	44842	12351	105903	1290	72100	975	1.21305e+06	2301	393158	9875	6154	14637	20563	1952	28403	5675	1830	140	32012	1130	1908	29615	Chardonnay	Chardonnay
421790	Chardonnay, Carneros, CA 2004	8927	1740	76314	3263	339	2625	399	18001	141241	2246	26185	4814	1240	4930	18662	1909	2721	12710	1438	1937	21016	926	26681	28070	1678	37325	3393	13406	133960	400229	9003	60366	1052	1165	34425	89645	2873	839	282479	2069	6264	2204	886792	9993	1027	53732	281	1992	2176	918	185546	908	2836	2121	17425	3871	1.09755e+06	8025	65804	41648	4042	45517	302836	6807	331818	5154	4711	11492	9915	437	868	378	14303	78421	9506	8103	14571	6406	2.52187e+06	1306	12615	2524	1708	5201	476	16454	33522	6112	94507	1004	53336	609	1.14791e+06	2345	349395	8206	4767	14947	11248	1597	19592	6929	1373	110	29284	731	1391	25274	Chardonnay	Chardonnay
421794	Chardonnay, Carneros, CA 2004	7518	995	66876	3200	461	1943	1840	14582	120373	1825	23507	3718	1072	5101	16858	1724	3920	11377	2461	1671	19900	752	23794	25631	1591	36277	2345	11665	111728	400359	8719	49309	910	979	78915	74191	2066	725	254068	1888	6570	2077	1.26334e+06	10594	602	41511	260	2153	1797	894	180776	937	2744	1998	13934	3658	965885	3084	52123	38060	3781	40214	271059	6710	310075	4853	3977	10658	9468	451	533	152	12495	66630	5804	11205	11705	5611	2.78908e+06	1887	12212	2082	1536	4501	342	14938	31224	5210	87264	991	42358	726	979306	1699	314745	6973	4293	10635	11837	1390	18542	4725	1403	119	24920	631	1405	21623	Chardonnay	Chardonnay
421799	Chardonnay, Monterey, CA 2003	8539	1641	61095	5915	491	760	1587	22235	397380	2644	34938	5208	1133	7406	50279	1483	4091	17443	3737	1563	1366	1438	9846	92113	13988	36262	961	7331	59514	54018	10192	336497	535	1002	16126	70204	2192	2575	182031	3134	13650	2991	2.27603e+06	4030	1316	79343	505	1740	4524	1983	132387	734	4323	1471	17827	3131	124823	5264	61911	42522	3006	293437	281499	1101	136673	1589	2213	8563	8874	302	1041	206	80607	451632	8102	16466	15198	7847	2.54895e+06	1703	14746	2184	1721	4479	713	39692	47312	2002	59730	1040	41663	882	651008	2020	304469	6818	4672	21390	415	1421	40930	18975	4794	281	42170	348	2793	14014	Chardonnay	Chardonnay
421803	Chardonnay, Monterey, CA 2003	9320	3497	71016	6169	609	663	2398	21651	480591	2744	38424	6083	1392	16663	59257	2266	2884	19517	2247	2295	2875	1960	11615	122961	14631	48440	2170	9036	64049	67215	9647	394206	1284	1396	16906	100490	3119	3453	222092	1731	18106	1445	638088	6475	2293	88564	809	813	4233	2906	181343	938	5268	3279	19802	3145	144456	15951	71699	52453	3876	349345	346242	1811	99926	3622	5315	9687	11712	525	942	280	140269	506652	8815	8921	17995	9311	3.2717e+06	2438	16757	2220	1851	4899	798	44146	59370	4431	73473	1514	52062	2394	690693	4738	337047	8185	5115	23916	1704	1683	50177	8115	4261	197	46281	403	2639	16765	Chardonnay	Chardonnay
421807	Chardonnay, Monterey, CA 2003	9788	2885	67203	6312	463	895	1915	16640	446916	2847	37598	6150	1248	14417	54571	1614	3273	18486	3127	2163	2720	1865	11517	122311	20348	47048	85	8734	71527	68659	10644	384763	1308	1318	14548	105555	3645	3596	228401	2096	15653	4668	691649	6186	2177	88644	668	2209	4614	2723	171009	1065	5297	3878	18758	3088	126051	5210	67072	54523	3553	347679	330598	1783	107380	3988	4914	13256	11649	480	1284	203	97568	506502	8543	7599	19003	9394	3.32134e+06	646	16159	2257	1946	4878	719	39807	57203	4494	73738	1243	53226	1533	746724	2240	340228	7404	4966	20172	1568	1681	51917	2621	3946	214	45758	570	2806	15252	Chardonnay	Chardonnay
421811	Chardonnay, Monterey, CA 2003	10602	1047	79029	7484	602	1013	1725	29104	497994	3489	41197	6666	1247	12153	62392	2324	4474	21889	835	3878	2274	2892	13266	138457	16889	49809	1221	9567	67584	72898	14157	435939	909	1211	23941	100871	3368	3471	256995	2142	18385	5347	526041	6160	2607	100086	796	1565	4910	2821	163793	897	5800	2610	22316	3793	145898	16433	74995	54950	4491	367509	357670	1740	96059	2680	2494	9239	12895	414	633	140	107220	603146	4621	8510	14977	10735	2.93097e+06	563	19485	2502	2182	5367	865	53251	61178	3196	78760	1180	33248	1153	823222	2598	371792	9204	5855	24762	903	1548	53905	24090	2252	353	57837	641	2324	19042	Chardonnay	Chardonnay
421815	Chardonnay, Monterey, CA 2003	9166	3357	72039	6771	626	742	2240	19334	478120	3110	28582	6381	1428	17227	61443	1776	2661	19284	2591	1746	1801	2028	12077	125874	16154	47279	2100	9046	69878	69170	9907	394319	748	1349	16816	101930	2699	3613	223003	1682	18569	2720	794373	5636	1249	91473	683	2271	4613	2512	175678	511	5871	2047	19466	3391	132021	3249	71322	53261	3471	318578	343972	1578	112193	2299	5365	10287	12058	461	771	217	139812	541553	9056	4592	18698	9356	3.06146e+06	390	17024	2396	2024	5331	777	43945	58496	3186	68769	1132	50163	2497	760646	3877	353899	5232	5280	19235	598	1757	50184	8799	4173	202	46859	497	2878	15051	Chardonnay	Chardonnay
421819	Chardonnay, Monterey, CA 2003	7901	2022	57029	5334	378	745	1678	17986	469770	2145	32463	5237	971	14739	48730	1581	2636	15068	1417	1986	1821	1095	9375	111466	13374	44697	851	7728	59866	62030	8627	323993	1053	1167	15751	104243	3071	3161	210785	1713	15065	2343	1.2487e+06	5442	1641	71630	566	2113	3521	2713	173304	810	4474	3396	14821	2897	142742	13527	59662	46366	3261	322119	334345	1690	108213	2744	4287	10044	10864	445	855	168	123212	411912	8496	6378	15432	7272	3.26096e+06	2889	14934	2109	1675	4376	694	31256	48925	3867	75020	1294	51839	2022	609492	2329	316328	6283	4442	16694	1432	1902	43085	4800	3440	76	36613	365	2634	14337	Chardonnay	Chardonnay
421824	Chardonnay, Napa, CA 2003	9419	1328	40510	3178	414	1570	919	11001	186493	1100	35726	4323	1511	11961	28474	1989	3140	12017	1247	2578	12102	1100	20237	38030	1228	45101	2074	8378	56198	109086	12327	228642	1877	986	13963	103333	2658	574	255118	1703	10482	3089	951606	8992	438	77469	1260	2413	3868	720	235893	2074	3518	4444	32348	2937	1.68281e+06	14007	105278	64444	2839	15874	235018	2892	504908	10226	6247	11387	12236	561	808	95	9837	133393	12827	8706	22591	7472	2.27954e+06	3068	10360	5311	2129	6578	419	19702	43757	6117	73392	1503	73820	914	667532	2215	458379	7142	5731	14176	1989	2660	36842	9504	1546	29	53505	454	1900	30192	Chardonnay	Chardonnay
421828	Chardonnay, Napa, CA 2003	9927	1254	43173	2881	677	1044	1950	9688	203756	1187	30549	4439	1696	2084	28906	2449	3846	12345	1319	2486	10563	1040	21865	37859	1252	45440	125	8756	63717	121794	14733	241849	1603	862	18226	106554	3742	561	280197	1794	10819	2602	1.12537e+06	8984	1526	81630	1458	2461	3787	960	256261	1623	3857	4453	32874	3097	1.98079e+06	7337	100339	66258	2989	16796	204008	3254	571575	8703	6328	10981	13788	437	682	262	10537	146025	8031	10395	22827	7224	1.61222e+06	2556	11156	5544	2575	6196	565	21018	51480	5430	73513	1641	58742	1123	638995	2047	492249	7120	5899	18092	2053	2217	39196	7076	3209	173	55355	550	1913	30652	Chardonnay	Chardonnay
421832	Chardonnay, Napa, CA 2003	9378	1326	46142	3254	790	1647	2547	12430	185469	2028	37023	5718	2022	11586	35355	3147	8676	12162	11179	2166	9934	1319	24008	43062	1642	44687	776	8859	54858	119615	13958	225921	1816	1105	14603	109625	4013	811	251501	2035	10495	2562	877710	9739	999	79242	1604	2408	5288	1116	216208	1474	4211	3964	35678	3290	1.39923e+06	5013	114135	71592	2766	17970	241001	3264	490251	7916	7530	12147	13038	416	903	589	17112	159908	9312	15557	25836	6678	2.42318e+06	3076	11464	5746	2613	6883	630	26774	48075	5984	59471	1876	65393	1014	777718	2482	483561	7453	6695	18126	1969	2820	40806	12655	1549	318	56206	524	2078	31353	Chardonnay	Chardonnay
421836	Chardonnay, Napa, CA 2003	11741	1345	55621	3807	574	1644	1930	11539	186988	1277	41911	4621	2363	10522	34377	3144	4998	14414	11703	2561	15398	2026	25760	50415	1787	49632	739	10012	68680	120409	14739	253155	2521	1344	16310	122069	4163	791	274325	11514	9804	1712	719328	11445	938	90754	1672	2377	4576	922	228170	1932	5145	5712	37618	3708	1.54274e+06	11016	116278	80386	3439	19353	223483	4518	524472	10667	7058	14305	16023	769	944	420	9076	185631	12184	15113	26423	8242	2.11692e+06	980	12579	5947	3009	7371	449	25415	53082	7013	78180	1791	88651	1766	725396	2289	519405	8133	7346	20280	2461	3100	45993	17084	1611	358	59160	755	2306	35049	Chardonnay	Chardonnay
421840	Chardonnay, Napa, CA 2003	6150	1570	49772	3318	515	1428	1596	11694	169315	1882	40454	4582	2139	11406	36674	1931	4224	13523	10111	2494	12367	1652	25466	42852	1518	44390	443	9384	71035	107349	14930	251326	2347	1258	14561	100432	4036	730	238006	483	9869	1955	1.4681e+06	9644	653	88103	1737	2430	4779	904	213262	1931	4411	5030	35041	3490	1.41806e+06	15587	107231	71802	3125	19265	210682	3513	553353	1976	8009	12412	13906	691	791	484	10273	156538	10980	14926	26865	7396	1.838e+06	904	11153	5552	2665	7137	651	27524	48707	7015	60832	1616	75517	1787	763905	4593	465658	7645	6972	22950	2194	2762	43803	16367	1554	508	57195	563	2558	30742	Chardonnay	Chardonnay
421844	Chardonnay, Napa, CA 2003	9566	2343	49619	3365	545	1742	2459	13178	182887	2014	39814	5504	1782	13280	34892	2972	8194	13540	7561	2397	13628	1447	24565	44523	1472	52272	250	10441	63188	113726	14402	223000	2524	1306	16206	117879	4445	677	265311	9284	12151	2241	800586	10891	624	85272	1918	2426	4818	1229	222905	2385	4847	5208	37880	3550	1.33928e+06	5443	116516	80775	3070	18484	232542	3801	570245	11664	8452	11828	14878	854	844	527	13611	163356	11520	17144	28580	8453	2.33842e+06	4004	11867	5751	2769	6964	584	27302	51864	7146	74264	1849	66835	1522	774083	3216	495233	7854	6720	19335	2714	2944	46665	1522	1742	341	59129	659	1875	31926	Chardonnay	Chardonnay
421849	Chardonnay, SE Australia, 2004	14063	2445	40223	2996	600	4227	2222	12318	285760	1960	86826	8462	1579	11918	31751	2978	3198	8407	4527	2262	14535	1224	12578	127784	10349	46447	537	6143	64858	401666	15726	179719	1517	1314	576665	191086	3208	5350	817509	3807	14703	3716	723261	9458	970	58191	274	2181	2935	579	196873	23775	5732	3545	12438	3634	188514	8708	46380	36139	2818	254830	88739	6461	117680	4666	3297	9310	9188	769	477	289	97644	247598	9066	12882	11769	10040	1.8095e+06	3502	15181	1742	2336	5600	549	31737	28492	7054	106459	550	66133	1395	510850	21739	305903	6687	5615	16926	6462	1837	32251	8340	2156	254	32445	336	2733	30466	Chardonnay	Chardonnay
421853	Chardonnay, SE Australia, 2004	13735	2590	36266	2890	365	4256	1613	11252	286181	1407	83499	8055	997	10024	30000	1618	4042	7985	1033	2818	11391	819	12327	107457	7666	43665	32	5329	63092	384357	16917	197704	1301	1286	40276	191559	2694	4685	761051	3427	12574	3407	1.04082e+06	8185	1512	59278	209	1563	2242	454	191563	18930	4981	2284	12530	3579	246204	4660	44929	32459	2964	277514	64689	5511	101802	5254	3208	10584	7508	466	486	144	79801	251259	6107	6719	11934	7226	1.82658e+06	2001	15109	1534	2227	5113	261	28861	27209	5753	113401	399	36033	1415	615393	345472	282582	8121	5384	17330	4872	1283	28240	949	2195	54	32519	270	2872	25742	Chardonnay	Chardonnay
421857	Chardonnay, SE Australia, 2004	12968	2206	38774	2762	542	4642	2367	9825	278703	1755	66592	8575	1564	11303	30522	2777	3441	8045	4611	1834	13036	1253	12395	119174	9969	45433	205	5733	59697	393964	16254	211115	1671	5190	524655	186818	3350	4996	813051	3489	14123	2885	735063	9222	860	55346	216	2152	2843	452	187919	21172	5490	2933	12165	3861	177479	9093	45481	35607	2942	256110	100908	6860	147561	5217	3112	10256	8626	841	686	231	87296	243902	8952	12705	11854	10208	1.91173e+06	494	14459	1830	2508	4985	300	32052	27082	7071	100423	529	68679	1472	499623	23663	318819	7165	5498	17714	6737	1571	32347	8142	1480	232	31840	401	2692	27510	Chardonnay	Chardonnay
421861	Chardonnay, SE Australia, 2004	14254	2369	44869	3517	371	4954	2094	13939	336612	1744	96880	9924	1571	12468	39649	2614	3107	10162	4355	2500	16831	1538	14951	75851	9011	55637	1508	6446	71480	325501	17607	235730	1951	5663	44181	214248	3681	6131	722058	2563	19256	3215	485129	11871	1289	68780	286	2285	3351	509	219864	31293	6097	3645	14432	4485	238527	5436	54352	40724	3240	308401	115648	8144	78121	2359	3902	11659	9892	522	925	220	69815	290250	10634	15175	14348	12003	2.15484e+06	3824	16641	1798	2725	6104	447	38514	31968	8794	116267	867	67648	2727	700640	89592	331348	9217	6737	20734	8200	1766	39306	9035	2657	174	38367	384	3511	35976	Chardonnay	Chardonnay
421865	Chardonnay, SE Australia, 2004	14189	2197	41038	3029	643	4592	1778	11870	321094	1697	90935	8536	1108	10283	33695	1862	4385	8500	1323	2152	10727	1240	13136	118838	9644	47058	2980	5650	67800	413941	17148	217252	1131	4586	32884	201155	3025	5409	812098	3554	13417	5549	567338	8392	1347	60520	202	1709	2376	467	210479	17371	5522	2111	12668	3913	238603	1865	48803	34122	3544	289886	81592	5148	129655	1684	3412	9871	8781	534	649	236	74708	260770	8574	12101	12063	8279	1.94075e+06	2321	16367	1673	2479	5571	467	30659	27339	5397	126365	565	43497	1174	642830	309816	245527	8259	6029	16800	4924	1271	31453	1337	2113	74	34351	275	3712	33401	Chardonnay	Chardonnay
421869	Chardonnay, SE Australia, 2004	12584	1209	45497	3591	399	4743	2166	13890	323503	1875	90614	9168	1493	12333	38265	2208	2973	9073	4018	2066	13756	1463	14873	131450	10149	50519	28	6667	73802	272298	17646	234360	1405	1591	37104	206497	3286	5868	718344	3970	17027	3112	694654	9938	929	67578	259	2203	3197	492	204282	20149	5860	2954	14435	4325	245212	5695	51437	39958	3446	289752	118444	6670	85630	6340	4168	10494	9909	718	883	337	89947	296096	8553	14351	13667	11060	2.01594e+06	465	18367	1772	2849	6531	561	37540	31869	6315	126814	630	63458	2083	725466	94289	342808	9192	6242	21117	6382	1671	35495	9586	2168	223	36050	455	3720	39708	Chardonnay	Chardonnay
421874	Elevage Blanc, Napa, CA 2004	10552	4185	160041	12673	675	3508	4239	6670	158776	11346	34512	6040	1764	11214	25719	3458	7089	3565	8995	1529	94086	849	20938	10893	812	31460	1650	45840	101370	191451	20657	50270	3517	1021	15459	83338	3495	1075	218925	8134	8158	4563	1.193e+06	10393	4046	57397	993	3063	4239	654	309368	1203	6539	4668	28583	3661	1.1166e+06	9595	94141	59970	7343	12813	116847	14547	229274	15680	6173	11949	11680	448	1325	593	5586	81665	19282	21770	20287	13179	1.01295e+06	1748	27368	3326	3056	8545	701	21126	21015	29115	80819	644	156567	2666	2.05313e+06	2493	724284	17957	13145	13552	28030	2518	28559	22265	3215	273	42246	3288	3357	21853	Elevage Blanc	Elevage Blanc
421878	Elevage Blanc, Napa, CA 2004	10102	4879	164087	13423	1227	3988	4059	5998	136243	10229	12907	5748	2473	10655	28086	2406	10583	3056	1150	1821	91499	908	21699	11270	871	31767	6053	49805	115405	189623	17672	52823	2947	1058	19063	90144	3371	1049	232729	1886	8668	5322	1.46961e+06	9424	3461	59835	877	2630	4656	640	307466	1217	6225	4143	27942	3922	1.1141e+06	9683	93153	64528	6674	13135	119869	13163	143644	4356	6666	13529	11697	655	1705	176	8129	78292	18928	20131	21910	13175	1.0333e+06	1571	25611	2790	2922	9106	1235	18546	25267	24840	89304	798	162337	1192	1.8344e+06	5440	732060	17502	12197	12116	25953	2762	27503	16681	2509	144	41858	3044	3382	24121	Elevage Blanc	Elevage Blanc
421882	Elevage Blanc, Napa, CA 2004	10163	2192	162999	12515	1374	3868	1005	6055	150344	10206	33835	5979	2199	13709	28473	2470	11727	2951	819	2706	87850	1410	20334	12409	500	30646	7074	46637	101407	194595	20930	51512	3161	1299	14719	85829	3349	1061	215190	731	9154	3735	1.24398e+06	8666	4028	58700	774	3446	3323	663	304016	1260	5879	4176	31285	3705	1.20417e+06	7245	94106	62028	8188	12683	116564	14828	160923	4435	5152	15492	12225	486	456	214	5745	79033	13009	19472	20119	11737	998985	1801	33196	2951	3227	9169	880	22726	23603	25844	85567	660	135352	1081	2.06589e+06	2090	707742	18551	13159	16376	28026	2396	28590	18759	5256	301	49137	2589	3349	23157	Elevage Blanc	Elevage Blanc
421886	Elevage Blanc, Napa, CA 2004	7517	2406	127097	10763	875	2992	2869	6198	141471	7994	27305	2924	2439	7796	23493	2073	7910	2757	3602	1077	48376	728	16665	7853	710	24298	4740	34754	95897	152398	13670	43311	1380	699	13747	66233	1832	716	192879	1309	6165	4758	2.14391e+06	6201	1522	46915	472	2193	3516	460	277515	1243	4711	1970	22107	3104	1.32164e+06	6861	84321	47089	5278	10709	78828	7210	132275	6760	5524	8656	7965	543	1384	317	6594	59768	16648	40190	16939	11004	866897	1414	19621	2324	2398	7387	603	14624	15907	12047	70218	418	121759	1155	1.94826e+06	1162	596590	13828	10451	15559	12472	1726	20051	14094	1501	206	34246	2006	2818	18100	Elevage Blanc	Elevage Blanc
421890	Elevage Blanc, Napa, CA 2004	8213	3048	133173	11185	719	2908	3187	6079	141068	7498	30729	5851	1352	8701	23765	2649	7921	3177	1013	1080	58483	867	15908	8665	857	25330	4224	36369	89042	160746	14412	44204	2030	945	14698	71751	2349	860	188709	1469	6948	6655	2.03633e+06	6583	2091	47406	659	2310	3550	590	293430	771	3873	2627	22838	3011	1.27566e+06	8437	83879	49248	5300	10012	87038	9580	163827	8969	5557	9971	9598	548	1483	362	7914	62189	18552	16791	18858	10523	897109	1198	20972	2157	2422	7695	1032	13890	17151	16834	69545	543	127623	1309	1.96696e+06	2750	579104	14253	10653	13693	17480	1926	21229	17118	1924	254	33125	2108	3166	19411	Elevage Blanc	Elevage Blanc
421649	Fume Blanc, Napa, CA 2004	9457	1580	140005	10785	1018	2711	3153	6158	158179	6905	23967	4453	2435	9474	22801	1952	9741	3120	2913	1278	64621	908	16535	7916	567	28886	4515	26994	98632	130697	13184	47888	2305	672	14680	75681	2658	1049	219525	747	6908	3378	1.37361e+06	10644	2852	51557	587	3429	2876	719	371594	1351	5271	3314	23625	3541	1.48256e+06	11376	86737	54092	5513	11188	97270	11309	159023	9291	5568	11104	11021	538	882	181	5420	65624	14738	30204	18166	11389	1.01052e+06	1701	24295	1811	2561	9507	787	13766	20223	21157	98198	655	102441	1598	1.93998e+06	3905	708352	15020	10878	6734	21369	3376	20911	12158	2926	252	37377	1691	3596	16156	Fume Blanc	Sauvignon Blanc
421653	Fume Blanc, Napa, CA 2004	10639	1915	132151	10191	873	2553	3265	5157	137134	6588	23384	4796	2851	9148	21742	2415	5380	3256	1674	1598	80261	780	16561	8117	570	30145	5112	25300	99400	140485	14462	47188	3294	1365	12292	78810	3114	1160	227142	679	7879	4040	1.71507e+06	11339	1282	48911	719	3715	3317	895	368862	1596	4342	4685	21702	3303	1.39557e+06	6995	74308	53822	6092	10127	70663	13678	180974	11611	5604	11694	11602	695	1104	401	3779	64671	20095	20457	18697	10903	764956	1454	24245	1894	2818	9748	710	12706	20241	25051	115496	573	132560	1263	1.90707e+06	3165	693928	13983	11017	10412	26444	3588	23397	12448	2302	197	33953	1581	3285	15330	Fume Blanc	Sauvignon Blanc
421657	Fume Blanc, Napa, CA 2004	10696	766	154172	12449	836	3170	4157	10350	141394	10050	21498	6595	2058	10799	24465	3384	18182	3369	22726	1634	87747	1179	20796	10053	769	28764	458	30766	107529	136348	20583	56406	4078	1108	16010	88716	3578	1322	236038	1925	8218	5702	1.56266e+06	13614	2689	54895	885	3756	4000	744	333746	1212	5630	4988	27699	4256	971538	9025	80901	58991	8572	12137	117367	16228	233825	9745	4848	16144	14238	511	730	863	3243	87918	20104	49893	18248	11520	759612	2330	34822	2273	3446	10792	762	22259	22878	28215	106318	558	183149	2913	2.05381e+06	2912	749441	17163	13051	13025	30153	3901	26511	19039	4064	194	45346	2277	3274	18160	Fume Blanc	Sauvignon Blanc
421661	Fume Blanc, Napa, CA 2004	10098	5430	157794	12362	1094	3553	4456	6872	143372	8783	26055	5563	1745	10145	27691	3276	17117	3118	10068	1339	76227	900	20127	10204	1189	35193	4166	29043	106915	139885	15144	55506	2951	1281	20568	92471	3472	1427	241071	2806	8397	5435	1.1848e+06	13519	2779	58162	794	2133	4303	668	340712	1191	6495	3919	26426	3897	1.14802e+06	10002	92198	59614	6130	12402	111928	13316	151006	12029	6508	15468	12816	627	2726	682	8883	83207	23356	39455	20157	12963	1.01888e+06	2083	25005	2340	3171	10535	474	17407	24264	24090	99848	794	178985	1705	2.0779e+06	1687	749809	16331	13229	12929	25227	4023	26284	16255	2576	226	38879	2309	3803	17885	Fume Blanc	Sauvignon Blanc
421665	Fume Blanc, Napa, CA 2004	9479	949	130013	10781	0	2991	0	0	143470	6474	23220	6298	0	0	21102	2036	5052	2972	503	0	77194	0	17843	0	0	29813	0	25895	105892	132640	15607	48813	0	1065	17347	78138	3144	1342	0	346	8172	4434	1.94647e+06	0	0	54375	670	0	2392	0	392788	1224	0	3586	21863	3547	1.42266e+06	5624	75891	53986	6050	9844	0	0	198710	0	5246	17551	11723	0	616	0	0	0	8720	21546	17062	11519	754746	1239	26438	0	2758	9239	0	15210	21234	24068	106101	0	69863	0	2.01398e+06	0	747388	15129	11051	10303	25870	3559	23601	11368	4469	0	35545	1735	3363	15371	Fume Blanc	Sauvignon Blanc
421669	Fume Blanc, Napa, CA 2004	9730	2743	133333	10372	859	2732	1568	2866	150481	7188	22967	4662	2650	8449	22557	2655	8075	2646	3951	1215	66822	1011	15790	8946	549	28205	2886	25801	98571	131229	14364	48744	2520	1345	14585	77260	2844	1270	215374	3995	6900	4246	1.5517e+06	11136	1409	47709	593	2052	2857	813	361966	848	1977	3572	21402	3497	1.47993e+06	9358	79538	52154	5414	9178	106980	12010	235881	9428	5238	11229	10889	544	1583	207	6977	66560	16600	30804	17509	10933	962704	1317	23499	1878	2824	8588	929	13596	20447	21605	104287	727	137325	1935	1.76913e+06	2017	699929	13827	11442	12624	23506	3137	25425	14750	2052	269	33187	1671	3366	16525	Fume Blanc	Sauvignon Blanc
421549	Pinot gris, Napa, CA 2004	14887	2478	69757	4976	1049	2744	1717	10299	309760	1350	116728	3619	1950	24519	28388	1704	18776	7881	1682	5374	21520	3240	22705	144030	13279	52331	5654	13691	71276	264448	17720	419385	3129	1419	44515	169170	4675	1776	371379	1093	12225	2995	1.37899e+06	9269	633	76449	388	2052	3198	962	357017	1060	6610	4645	13363	3440	297880	7428	55218	39819	4458	449651	89500	4025	83046	10689	3502	15823	18285	622	968	347	133589	215708	17602	20353	14216	6560	1.30265e+06	509	17967	3387	2314	6999	442	15674	14879	13009	82661	480	98083	2765	978547	3426	629370	8940	9647	16392	4847	1528	27032	8477	3485	165	34206	509	3434	22650	Pinot gris	Pinot gris
421553	Pinot gris, Napa, CA 2004	12951	3027	69122	5407	737	2578	2788	10116	325800	1708	53904	4183	2302	23695	29678	2456	16019	7770	1636	4634	22373	3040	21793	160067	14315	51399	152	14367	64287	281155	14110	415665	2913	1759	45155	187927	5314	1863	355897	1151	12822	3820	1.26934e+06	10169	1131	66175	441	3945	3294	831	374554	1110	7398	4043	12944	2934	307040	9780	56383	41605	4612	380412	90514	3720	82838	11226	3627	14920	17027	636	1389	312	181031	219175	17472	19570	15255	6851	1.42789e+06	920	18394	3853	2108	6792	232	17037	14206	12321	82940	476	117500	3308	910542	3452	670715	8075	8815	15557	4497	1655	30997	8522	2766	202	34064	545	3812	25158	Pinot gris	Pinot gris
421557	Pinot gris, Napa, CA 2004	10367	4955	66217	4369	1070	2637	3327	8582	355326	1121	99860	2921	2951	24212	28307	3912	17612	7706	1519	5317	21051	2215	20367	138213	13557	48400	6558	12660	52588	255447	16185	389888	2494	1455	66201	167275	4380	1971	364275	1810	12474	2859	1.5409e+06	9137	1636	64918	703	3315	3347	982	371411	992	6818	4463	13069	3141	297447	8180	56801	39213	4357	311845	84289	4433	70550	10540	3781	12977	16344	631	1600	385	150535	207854	19886	20146	13060	6652	1.408e+06	1492	16487	2700	1958	6970	428	16636	13498	12570	79986	1005	125804	2886	861201	2778	659223	8730	8435	15162	4816	1495	28785	9222	4261	171	35032	623	2613	20474	Pinot gris	Pinot gris
421561	Pinot gris, Napa, CA 2004	12253	3406	75967	5334	975	2935	1739	13128	263507	2855	102966	5643	2384	23430	32399	4434	19139	9346	8668	4879	26571	4155	24769	165336	15177	51236	288	16954	56625	213867	18212	464633	3643	2010	45051	179219	5358	2122	366139	2877	13688	5141	1.25126e+06	9970	1296	75070	668	3729	2276	831	338808	1105	8074	5153	14718	3585	221637	9810	59773	50868	4819	412291	175313	7108	72017	3937	3732	12987	19930	924	1006	174	169854	205028	24222	24089	15384	7501	1.4397e+06	871	17588	4033	2263	7204	256	20600	15526	14535	81615	574	187418	3426	1.01235e+06	4627	531726	9629	10548	14493	5513	1812	32896	15665	4139	136	34214	701	3475	24220	Pinot gris	Pinot gris
421565	Pinot gris, Napa, CA 2004	10888	3921	61527	4547	995	2330	3688	10631	348983	1260	103895	2869	2847	22598	27363	3070	17522	7937	1965	4527	19493	2239	19846	136718	14856	46475	70	12525	56722	240681	13419	393972	2670	1782	37613	161168	4398	1521	361009	3835	11770	4124	1.49653e+06	7612	1411	68172	555	3975	3180	1148	379003	1090	6827	3555	13124	3048	302252	6943	56504	40152	4346	325898	74143	5729	68844	10350	3365	13437	14823	721	1670	285	166036	213664	18423	16087	13169	6438	1.45636e+06	2062	16542	2944	2155	6326	471	17711	13346	13635	84577	1087	131479	2873	884652	3300	655698	7944	8912	14765	3876	1525	30022	9967	3035	244	33235	844	3152	20828	Pinot gris	Pinot gris
421569	Pinot gris, Napa, CA 2004	9856	1926	75410	5177	798	3115	3237	10017	337537	2304	113887	4380	2471	24300	30987	3402	17310	8730	3379	4232	18219	3815	22307	158809	16954	52527	235	14996	64622	284415	18173	434158	2573	1348	39828	168799	5171	1723	411929	2341	12233	5430	1.10833e+06	8445	1234	65700	357	3338	2588	859	391592	1542	7086	3393	12792	3477	313059	11261	56858	45181	4477	377578	83283	4774	78707	8503	3910	16518	19371	749	770	431	175854	229516	11770	22771	15643	6380	1.41234e+06	2751	18616	2991	2385	6963	540	13992	14143	11609	84242	521	85664	3116	903057	3862	737898	8814	10000	15290	2859	1742	30429	9570	2598	157	34257	787	3266	25077	Pinot gris	Pinot gris
421524	Pinot gris, Oregon 2003	12111	2367	106165	4946	743	3872	3684	10211	172101	2909	70293	4016	1565	9154	34886	1298	6484	5595	1110	2853	10168	3599	16168	125508	3674	41582	1528	18015	69629	509947	18567	192093	1233	1273	491873	124502	2551	3059	794780	1740	11470	3567	897042	9326	706	67305	851	3185	4516	2425	258066	1330	6600	2004	21098	2209	107645	8016	74963	56152	4483	417873	120613	5473	84624	4607	4905	12571	16338	479	2028	359	33132	148732	11700	12300	20007	6302	945595	1759	16931	12512	1095	11303	953	21852	14157	7568	75506	1092	67812	2094	877755	3399	580771	7623	7547	15348	6673	2463	25608	18331	2529	272	42484	953	2503	25167	Pinot gris	Pinot gris
421528	Pinot gris, Oregon 2003	10957	3826	96933	4507	682	3479	3063	8291	159724	2038	61481	3487	2740	9180	29646	4184	5774	4264	4864	3406	16823	2896	14087	124480	3612	41986	95	18692	49928	621450	18935	160661	1799	1514	665606	135922	4032	3415	792888	4802	10577	3339	1.00664e+06	10909	921	57875	840	3377	3186	2369	274547	1947	6384	3538	17870	1995	94061	11321	62400	48416	4222	361604	100299	8042	78026	917	4318	9021	17110	608	796	428	33017	117308	16850	15869	16940	4973	860665	2108	16076	13035	943	9225	844	17586	14630	12132	70935	1211	117535	2054	810534	3979	511043	5643	6956	10998	12271	2737	25959	12854	1948	298	36113	838	2647	21006	Pinot gris	Pinot gris
421532	Pinot gris, Oregon 2003	11625	4676	100556	4778	1048	3902	3085	8226	166610	2115	66102	5270	1935	9663	31755	3718	5224	4179	6309	3326	14052	2843	15531	125062	3424	42044	2688	19643	67513	624285	21893	182137	1731	1165	307015	123114	4337	3120	776595	944	11630	4085	1.09753e+06	11017	1146	63330	752	2129	3225	2465	276789	1378	6472	2856	18737	2083	100702	4690	66366	53010	4173	413958	81844	6342	43510	6770	4609	9208	15623	436	2613	417	30674	134952	19449	17877	17384	4735	933686	1821	15096	13005	977	9634	613	19995	14482	10768	72167	1134	126716	905	828337	3883	552884	7084	7470	12447	9845	2133	27159	12026	2326	223	39373	840	2676	25081	Pinot gris	Pinot gris
421536	Pinot gris, Oregon 2003	12059	6183	100358	4215	1091	3617	3533	8447	169573	2127	63077	5306	3031	9761	30118	2504	5835	3925	3812	3375	16841	2858	14950	119780	3684	40780	1375	17622	62424	619130	19576	171420	2439	1479	523793	124102	3994	3415	798408	6216	11559	3932	1.07664e+06	9670	892	57663	809	3223	3157	2253	275220	1491	6570	3137	18724	1925	104442	11120	64938	48869	4286	385296	86247	6740	65628	2492	4491	8881	16570	551	1868	472	33602	118410	18772	14625	15683	5553	914145	594	15693	12147	790	8836	624	18225	13891	12183	67344	1461	121785	1855	781862	3657	526104	5745	6534	9644	11130	2472	27050	11421	2302	171	39208	873	2855	21933	Pinot gris	Pinot gris
421540	Pinot gris, Oregon 2003	12571	5142	106231	5035	781	4210	2907	9107	161115	2438	68189	4001	1848	9611	32835	3968	4934	5820	7167	3873	17942	3256	15003	127142	3993	45221	1666	19344	64303	628711	19892	194778	2023	1461	16558	132507	4324	3528	828720	7739	11715	3971	1.08302e+06	10698	1107	64443	759	2456	3389	2651	287544	1737	6723	3500	19552	1915	99666	7207	67332	51999	4886	429976	77800	7623	42959	7129	4864	11426	18895	497	2492	386	30491	135428	20879	18061	18004	5830	914768	2222	17468	12433	981	9803	465	18561	14133	15622	80104	1628	135567	2125	888667	4306	580887	7225	7812	10914	12576	2602	27330	12342	2158	203	40806	909	2623	23779	Pinot gris	Pinot gris
421544	Pinot gris, Oregon 2003	12335	2202	106950	5202	734	3820	3332	10647	167441	2596	64886	3687	1638	9412	33993	2713	6657	5324	852	2933	11271	3614	15968	123769	4164	43785	1367	18005	59142	481179	19336	187726	1233	1139	506905	132369	3796	3186	805961	1998	11818	4168	933731	9429	1326	67738	836	2486	6016	2196	248732	1143	6677	2263	20803	2220	103434	8596	72490	53202	4658	429432	118232	5112	88252	4517	4771	9410	17426	489	1910	333	34164	143810	14076	12026	18255	6315	926380	1917	18236	13185	898	9933	791	19551	15057	8407	68322	1168	64295	2183	891917	9668	559519	7430	7264	13909	8055	2232	27478	16931	2405	222	42554	892	2699	25320	Pinot gris	Pinot gris
421574	Riesling, CA 2004	18681	1655	40195	2804	720	8373	2473	12888	376576	1194	42583	6884	2140	9693	31290	2661	9270	5503	11801	2915	18897	3357	39775	63659	13638	53401	715	5987	84096	210492	17959	255649	4916	1555	427954	232748	4492	3626	575431	22454	17729	4541	555719	20670	1561	69586	742	2734	3164	1417	364668	3631	5954	4092	16962	3766	1.1578e+06	5460	49821	43633	6503	35029	123076	4279	379969	7259	3690	11626	9148	626	580	793	71423	206229	14448	83469	16418	18622	1.19384e+06	3678	23798	2985	1878	7950	621	33447	40573	13917	126705	1614	97134	2243	601913	3551	637939	11357	7019	16836	3521	3212	13049	5420	2902	151	42761	793	3784	35911	Riesling	Riesling
421578	Riesling, CA 2004	14278	3898	32018	2333	920	7097	2238	10244	373945	1213	33854	4459	1515	7846	26598	2006	8735	4757	8144	3597	6778	2527	32870	45855	9931	38814	319	5061	65766	409627	12698	214144	1567	1369	451048	190050	2963	3173	460106	40714	14792	2508	623965	13132	1561	59916	666	2365	3049	1052	288123	1952	4830	1268	16376	3041	1.09948e+06	6794	47802	32053	5268	27083	122827	2607	277137	3147	3371	6900	6785	481	1362	451	81038	206443	11639	66329	10780	15322	1.26525e+06	2504	19622	2514	1522	7096	535	31882	34330	5722	94393	1018	66617	2289	543302	3983	609621	9534	5631	18408	592	2318	9120	8275	2962	112	43321	654	3336	26705	Riesling	Riesling
421582	Riesling, CA 2004	17095	3950	37423	2513	521	8314	2435	11530	341335	1181	39250	6001	1684	9091	28279	2840	6684	5305	6862	4104	13668	3151	36466	57124	13986	50351	1866	6294	73079	410940	15906	239752	4282	1373	167760	214552	4162	3190	546756	3446	16261	2627	870775	17843	1864	65647	549	1989	2960	1393	341624	3304	5463	3255	15400	3459	1.08615e+06	7907	47229	37924	5873	33991	132423	4032	346861	6478	3331	10523	8441	523	903	599	85663	223209	16954	41936	13348	16318	1.19766e+06	3151	23327	3048	1972	7842	477	27830	39936	11275	122082	1359	123836	1329	545056	4176	499686	11043	6838	17017	2621	3157	10768	7168	3425	106	42382	661	3890	31639	Riesling	Riesling
421586	Riesling, CA 2004	15634	2120	27826	1814	803	6287	653	7986	328612	682	29128	4393	1474	8100	21598	2072	3389	4021	978	2807	11866	1941	25384	39239	8938	41096	1168	4448	60202	637476	13562	203972	2991	1188	254941	203585	3152	2618	533879	5144	13157	2827	1.0137e+06	14928	1651	52349	526	2271	2213	921	327757	2272	3923	2439	13416	2607	1.04595e+06	8341	39652	29127	4889	24166	109522	2581	304773	6245	2056	7962	7383	341	480	226	68574	172215	6756	6552	11727	12402	1.0245e+06	2530	21299	2149	1419	5907	273	22342	30745	8607	111014	897	44277	1465	336260	3368	635577	8590	4846	12134	2149	2194	11097	6795	4312	150	37098	686	3034	19527	Riesling	Riesling
421590	Riesling, CA 2004	13635	3943	27305	1847	697	6020	1771	8478	299588	330	28489	4599	1606	6707	20679	1676	3338	3736	2556	2359	9747	2142	26126	38793	10828	37831	1868	4407	64747	636331	12387	202870	2374	1137	111669	185219	1763	2543	504942	1764	12110	1872	1.20682e+06	11530	1143	49218	290	2851	2281	897	270518	1859	3646	2037	12025	2921	1.02086e+06	5266	38777	27962	4677	25579	159105	3361	447690	4079	2316	7972	5836	331	848	299	67023	169596	11935	8664	10772	12186	953535	2024	16217	2099	1445	5889	252	19588	27926	6955	101929	1026	64191	1094	419767	2802	577898	8018	4826	9913	1899	1892	10437	5786	2101	92	31620	598	2380	27050	Riesling	Riesling
421594	Riesling, CA 2004	17105	3266	35395	2660	652	7835	2307	11920	313924	1336	36283	3775	1123	8726	27633	2387	6599	5211	13466	2857	14307	2810	37878	57183	10575	47079	1948	5861	78738	429775	17077	246447	3772	1414	173788	215087	4144	3566	502146	2093	17825	3819	776186	16849	1374	65827	698	2199	3172	1433	327140	3055	5243	3535	15133	3329	942382	5717	45897	36784	5244	33582	469240	3808	428780	7543	3288	11823	8224	509	826	497	84193	216843	17130	41345	15338	17465	1.20048e+06	3360	20856	2720	1731	7013	495	29649	38596	12110	120888	1349	128573	1387	434658	36989	338392	11175	6260	13834	2566	3042	10509	8126	3351	129	38572	780	3579	30994	Riesling	Riesling
421599	Riesling, Finger Lakes, NY 2004	24045	2396	31624	1797	852	5318	2319	12237	235477	1407	93808	1841	1718	12749	38303	2330	5799	1923	961	3461	15742	3358	11855	43597	7172	13466	456	5165	31135	431947	10641	122284	2516	1135	791942	269938	2421	8114	965593	2198	15530	4168	755436	26590	1676	58750	467	2525	2388	1790	268661	1039	5215	2659	14756	2001	1.47875e+06	8472	43689	31675	3195	186862	61629	5189	141313	10678	3436	5987	10062	538	577	195	62828	250959	9348	23100	17029	6297	405128	1872	4870	2198	1682	6896	63	21823	92518	7148	40538	1677	59434	1533	437300	121289	444969	3666	3450	12633	8115	2113	31530	8260	1593	219	37630	1028	815	18357	Riesling	Riesling
421603	Riesling, Finger Lakes, NY 2004	35316	1023	29315	1595	155	4809	399	10462	231120	1132	92588	2704	1123	11884	34603	1289	4869	1784	640	3442	9882	2425	10874	38461	5101	13355	599	5573	28846	584983	9905	118256	1570	5350	435876	273659	1926	6580	650241	1990	14478	3178	744472	24648	1285	56303	367	927	1919	1483	270113	923	4488	1917	13691	1872	1.65147e+06	6431	40769	31152	2459	157475	41359	3841	129845	7194	3070	3039	9052	285	459	141	56775	236956	5781	8089	16498	6314	360625	1515	4058	1917	1612	6918	256	16775	85972	4232	43080	1477	42196	1413	419019	616338	426122	3314	3309	12470	5115	1898	27070	5161	1175	126	35547	818	1019	20579	Riesling	Riesling
421607	Riesling, Finger Lakes, NY 2004	25959	2465	33820	2203	469	5805	1496	14806	262102	1203	100462	2708	1629	15701	43941	2243	7058	2162	1304	3876	19489	3587	14289	46592	9861	14378	1250	6021	33713	305079	11846	136071	3288	1209	348963	305291	2867	8117	110425	2558	17751	3682	854768	30843	2225	69218	455	2614	2692	1960	297136	1158	5412	3115	17778	2474	1.60054e+06	8145	48943	36020	2938	194659	73674	7650	130761	13049	3496	10634	10856	421	698	234	41951	292683	9465	29090	18714	7089	438953	1877	4813	2382	1969	8045	493	26019	102821	7938	41300	2077	56204	1773	523206	759766	485551	4250	3678	13456	10196	2380	34405	11046	2536	105	47571	991	1077	21394	Riesling	Riesling
421611	Riesling, Finger Lakes, NY 2004	39650	560	31615	2007	664	5100	1430	10340	247843	1002	102742	3209	846	13977	36619	1528	5466	1739	858	4201	11359	2476	12554	42357	4908	13904	2826	5533	34740	506462	13009	127341	1561	986	50170	273663	1977	7349	79777	2203	16072	3931	509340	25921	1550	66243	378	2261	2325	1640	311941	892	4969	1826	15775	2089	1.92126e+06	38960	44949	30510	3712	188665	46671	4326	188446	7581	3182	10320	9666	314	374	106	53172	265018	4672	8347	17596	6483	382850	851	6199	2264	1947	7208	217	20520	93286	4533	46254	1413	33838	1539	485578	1.17322e+06	469844	3992	3670	13324	6557	1981	29065	5658	4061	122	42526	680	1341	23095	Riesling	Riesling
421615	Riesling, Finger Lakes, NY 2004	22163	1071	28875	1521	625	4672	1879	11509	204506	1239	80318	3084	1998	12186	30231	2230	8094	2458	3652	3390	12534	3156	10661	35719	6686	11236	74	4579	27416	404991	10416	107604	2134	5417	322697	231074	1835	5936	955780	1737	13338	3849	777675	24664	1967	55240	313	2565	2063	1560	255575	903	4581	2204	14627	1659	1.22616e+06	5765	38192	27814	3168	170057	57444	4562	119619	8924	2610	3539	8742	275	295	358	31979	223010	12541	19226	13784	5509	275116	1449	7995	1851	1568	6064	319	20478	78414	5352	33076	1254	138272	748	459948	524804	382937	3654	3019	11794	7170	1960	26052	9770	2071	80	39403	677	686	14959	Riesling	Riesling
421619	Riesling, Finger Lakes, NY 2004	32102	2488	26767	1436	808	4514	1866	10457	223441	951	81705	2032	1595	9953	32523	1368	6679	935	2307	2514	8633	2430	9450	33624	5309	10173	618	4307	22445	547460	8665	104974	1330	690	471350	209602	1512	5581	194230	1753	12239	3268	1.03152e+06	18655	868	51296	309	1504	1700	1063	238597	710	3450	1325	12324	1684	1.56618e+06	6071	38502	24501	2282	169335	42843	3037	154878	5841	2805	8004	6874	323	1133	386	44488	180002	11165	13926	14564	5033	346550	1286	3711	1681	1363	5621	273	15951	71529	3161	33755	1313	73496	1235	373234	399453	362528	3237	2873	10164	4097	1549	23581	6960	1385	151	33692	492	824	16461	Riesling	Riesling
421624	Sauvignon Blanc, Lake County, CA 2001	14977	2961	97242	7876	262	4216	2135	7875	118912	3254	75146	3919	1824	8069	22177	2640	4994	7155	6789	958	11653	839	11247	144644	10123	40747	2268	13515	52324	368819	20939	199191	2135	2632	525243	161772	3182	2793	855162	1189	5117	6804	930896	14895	1281	53559	320	1989	3232	703	352625	1191	7674	3988	14063	2969	209261	8105	46662	32671	2626	198722	82255	10744	114869	9027	3592	10612	8961	299	1871	272	61420	125009	15273	17015	11688	15474	1.18501e+06	424	45509	2550	2283	8440	114	12650	23587	10259	124608	588	99132	1634	892346	23224	566348	13132	8896	8136	21936	214	22126	10231	2866	90	28040	478	5021	18728	Sauvignon Blanc	Sauvignon Blanc
421628	Sauvignon Blanc, Lake County, CA 2001	16676	0	106516	9719	0	5154	0	0	144918	3207	128107	2965	0	0	20536	2065	5348	8095	0	0	16198	0	12483	157836	7711	51866	0	15232	68043	545699	24705	253051	0	0	56731	219741	3220	2929	0	1308	7929	5960	698778	0	0	64181	0	0	2548	798	487747	1481	8231	5784	14863	3114	281272	8121	53278	36941	3285	309991	40176	0	95050	5887	3523	14963	10708	0	583	81	60283	126504	14306	13985	13341	16747	1.21688e+06	0	56620	3175	2379	9382	0	11867	26275	16811	182480	0	82279	0	1.05278e+06	0	617448	15949	9726	8638	28917	0	23925	0	5825	0	32503	0	5623	23403	Sauvignon Blanc	Sauvignon Blanc
421632	Sauvignon Blanc, Lake County, CA 2001	14014	0	120224	11037	766	4626	0	0	158209	4222	117392	0	0	0	27135	0	5796	9396	3713	0	5123	790	14407	156116	6791	38065	0	14208	70721	388768	22740	256654	0	978	41015	153312	2086	2689	14103	929	6204	7207	1.09427e+06	0	964	72609	0	0	2215	571	331743	596	8293	0	17793	3609	266345	9919	65440	33767	3055	281915	144467	0	17128	0	3831	5424	7684	0	1582	291	63645	158243	12042	18844	13716	18253	1.50102e+06	0	53287	2975	2706	10125	0	15753	26644	3995	122284	0	70001	0	1.17209e+06	0	713567	17992	10964	11842	8881	0	21484	0	5207	0	37632	0	5532	20682	Sauvignon Blanc	Sauvignon Blanc
421636	Sauvignon Blanc, Lake County, CA 2001	19086	0	116442	9612	703	5360	0	0	133606	3632	114602	0	1486	0	25717	2689	0	9014	4826	0	16739	986	13206	174071	7159	52826	0	15366	58508	440078	24873	237244	0	1251	51229	184686	3816	3423	1.01537e+06	1397	7059	5091	934103	0	1717	58893	363	0	0	912	428421	1613	9633	6157	15947	3238	235105	9302	55845	41663	3292	253151	142124	0	184061	0	3597	12002	10042	0	1402	307	81758	149489	15444	14728	13833	15647	1.34574e+06	718	53623	3292	2652	9912	0	14217	27308	14983	157423	0	103311	0	1.05331e+06	0	667019	15267	10516	9795	29530	0	28032	0	0	45	32260	0	5576	20073	Sauvignon Blanc	Sauvignon Blanc
421640	Sauvignon Blanc, Lake County, CA 2001	17380	3725	110316	10069	538	4677	0	0	114647	4822	112338	3773	1993	0	25680	0	8319	9488	15528	1063	17468	952	13211	174980	7911	49397	0	16694	62676	416103	23251	232562	0	1555	43349	204339	3827	4102	979261	989	6487	6427	1.36035e+06	0	1401	64532	0	3748	4077	731	424283	1583	9286	6858	15780	3554	204994	10240	53689	41104	3128	285604	128887	0	85784	6008	0	13328	10888	0	1307	975	65188	152194	22436	36088	14207	15237	1.24164e+06	0	53942	3255	3050	9001	0	14650	28495	16373	144913	399	165002	1057	917772	0	677237	15960	10666	8055	31075	0	28886	0	5212	0	30034	605	5776	19600	Sauvignon Blanc	Sauvignon Blanc
421644	Sauvignon Blanc, Lake County, CA 2001	16172	0	114722	9509	890	4567	0	0	132589	5157	108959	3132	3035	0	24403	2530	0	7758	11166	17021	13126	6799	13915	170524	8634	53622	0	14797	62464	423238	70584	230217	0	0	46963	174701	3510	3876	0	1447	7857	7881	1.0337e+06	0	2688	65039	0	3257	2996	716	427973	4686	8750	4019	16966	3232	235343	12845	0	37905	36028	290591	111993	0	93024	0	0	0	9782	0	682	925	68287	147467	22343	30975	13160	14094	1.20282e+06	0	169008	3104	2330	12909	0	18074	27882	10189	158547	0	183373	0	1.01326e+06	0	664922	22643	10623	8397	22517	0	29356	0	0	0	37762	0	5353	19513	Sauvignon Blanc	Sauvignon Blanc
421674	Sauvignon Blanc, Napa, CA 2004 (SB03)	13350	5615	134698	5169	636	2832	3221	12961	402057	2686	170848	4728	2542	11349	22979	4415	10153	10249	1424	1167	35053	669	39929	240760	16584	57460	13428	13772	110972	180795	22875	592946	3435	2162	45002	292672	4606	5011	202129	3592	19575	5459	802264	15636	2663	87065	256	2149	3780	742	506542	1309	10376	3283	7872	5716	181080	10497	30241	16833	5700	523770	116445	31074	80778	17155	2512	15211	14918	677	2465	110	125708	240377	15298	17919	11184	10428	1.38019e+06	1297	36704	5768	4775	8836	969	14870	63422	28677	146580	996	84262	1322	781609	2718	694342	21784	26041	7463	64963	1396	34885	11700	4566	186	31433	862	4047	21774	Sauvignon Blanc	Sauvignon Blanc
421678	Sauvignon Blanc, Napa, CA 2004 (SB03)	12405	4700	118494	4829	981	2412	2294	12327	399047	2017	174720	4113	1963	9637	19824	3833	16180	8805	1482	1576	23733	1049	35037	208906	18658	51504	197	11680	101987	166926	21828	563547	2519	2112	39294	324992	3215	5179	197750	3702	15370	5854	1.3585e+06	12002	2817	72143	173	2967	3895	696	467219	1004	9272	2294	7440	5208	195510	11611	30189	14455	5242	524831	93487	20365	48709	10643	2164	12844	13341	466	1726	458	92987	234358	18898	20821	11149	11973	1.25428e+06	1100	34091	4854	4127	7902	712	11795	50308	17684	138443	1007	97538	1218	800516	2312	567432	19810	24649	4938	45431	933	31657	11251	3915	157	30633	576	3495	20722	Sauvignon Blanc	Sauvignon Blanc
421682	Sauvignon Blanc, Napa, CA 2004 (SB03)	13792	2440	129406	4752	769	2479	3203	13104	376612	2474	185236	2055	2292	12620	20796	3845	5971	10249	1200	1336	28593	1053	37669	225442	14956	52602	5564	13091	95838	170555	23125	566823	2919	2200	43021	312792	3958	5172	201331	3861	21343	3302	1.18853e+06	16452	3020	76058	305	2935	4158	801	461007	1634	10395	2981	7412	5827	183279	9369	29840	16837	6373	444558	191847	26370	116936	15030	2210	13874	14050	806	1435	108	120712	241502	12537	12488	11045	14483	1.30447e+06	631	32707	5623	4691	7627	1025	14165	58271	23124	160599	490	67373	1281	668774	2849	678377	19487	24330	8665	58095	1229	35594	12446	5173	216	28551	703	3602	20605	Sauvignon Blanc	Sauvignon Blanc
421686	Sauvignon Blanc, Napa, CA 2004 (SB03)	13658	2113	125960	4884	366	2388	2645	13330	382427	2874	182617	3778	1824	11718	20510	3195	5589	9518	1241	1423	30651	803	37080	227789	16068	56360	5129	14256	107455	175258	22879	569135	3463	2476	45502	323899	4037	5078	201539	4480	20547	8217	1.22216e+06	16216	2831	71724	256	2964	3987	637	485362	1775	10433	3170	7438	5764	171449	8581	28789	17128	6167	486817	113815	31739	121210	15156	1988	14343	15159	719	1159	276	120589	234993	12084	12241	11742	15214	1.28305e+06	1808	33686	5227	4765	7512	1052	12880	56689	27166	145468	597	68964	1914	673187	2111	680897	19553	23315	3582	58236	1547	36251	12845	2749	201	28212	673	3865	20033	Sauvignon Blanc	Sauvignon Blanc
421690	Sauvignon Blanc, Napa, CA 2004 (SB03)	11822	3786	118580	4733	477	1839	2126	11080	406127	2126	166214	3519	2147	9281	19132	2051	9671	8571	942	1405	17869	444	34629	202400	12029	45159	6936	10975	95632	159107	21119	610778	1667	1923	30695	269933	3226	4017	183549	3374	16885	5277	1.37536e+06	11146	1910	77160	201	1009	3162	692	413227	1042	9237	1577	7661	5536	188730	9053	31042	13997	5101	516976	194865	17363	66381	7768	1577	12338	10942	528	1501	174	101923	227481	15583	15726	10448	14001	1.38084e+06	1294	33388	4356	3960	6746	362	11947	47969	13636	130719	816	83373	1622	810631	2107	618785	18028	23385	7092	36210	911	28364	9618	5181	161	30613	577	3672	19023	Sauvignon Blanc	Sauvignon Blanc
421694	Sauvignon Blanc, Napa, CA 2004 (SB03)	12337	2189	116021	4189	815	2296	739	10685	421006	1937	162659	4329	2467	12643	17993	2325	15055	8601	1181	4313	25509	1094	33074	188517	14019	47942	12909	11173	98363	155066	21958	547683	2529	2227	40769	324363	3350	4755	175693	4091	16816	6130	1.35632e+06	12159	3069	72641	259	3134	3743	786	443977	1192	9167	2219	9566	5275	225036	10734	29597	12934	5749	511494	72860	23689	87455	12617	2297	15284	12446	450	421	62	84993	198071	9267	17862	9737	11547	1.31228e+06	1359	37311	4291	4719	7459	613	15509	48001	18978	135033	858	98098	1364	860630	4727	632244	17816	22555	6310	50056	1036	30538	9628	5975	124	35749	722	3298	18352	Sauvignon Blanc	Sauvignon Blanc
421699	Sauvignon Blanc, Napa, CA 2004 (SB04)	11808	2300	156747	3194	692	1653	3066	8630	188236	1297	37253	1627	2405	11139	26906	4105	5424	8682	2841	2008	52125	876	22834	159437	1637	38607	1681	11769	132614	116151	17520	346904	3140	812	24156	95142	3327	633	184298	5775	12466	2774	2.33084e+06	11542	841	95833	766	2183	3099	928	425341	1015	7596	5104	14551	3258	126996	6236	70185	44635	4200	396364	141866	31919	209164	3210	4925	8986	14392	484	948	433	11142	159982	20232	13754	20017	6928	1.01539e+06	1644	33578	6418	1596	8986	764	13413	51111	25366	102554	1007	112136	2397	837617	1675	928512	20353	8249	11772	74402	434	28455	2943	3355	185	37312	756	3357	18031	Sauvignon Blanc	Sauvignon Blanc
421703	Sauvignon Blanc, Napa, CA 2004 (SB04)	13876	3967	226876	4854	799	2735	3781	20657	211570	4145	52902	3921	3772	11251	28017	5076	8836	11311	16467	1873	77717	1808	35383	215056	2078	48504	111	15691	187030	149998	25072	445544	5118	1186	39135	124531	4912	500	232286	9922	14613	7335	1.14368e+06	15252	1552	130066	1296	5067	5081	1342	506668	1598	10613	8439	15057	4667	146027	11540	61216	61017	5013	566953	183989	46595	247814	4951	3775	12981	20002	618	1188	980	8681	259839	31942	39157	21684	7514	624971	1887	42231	8629	2628	12579	973	14213	71311	37061	137067	1387	254182	3495	1.02541e+06	651	601479	26008	12702	15531	107371	1042	41792	42597	4575	175	38519	1815	4370	26136	Sauvignon Blanc	Sauvignon Blanc
421707	Sauvignon Blanc, Napa, CA 2004 (SB04)	11266	4201	154048	3811	991	2047	3301	9317	194605	1672	37841	3201	2040	11134	29202	3721	7043	8790	1263	2008	54335	1372	23268	164140	1528	39599	3616	11870	128274	118238	17274	352440	3345	903	26464	106199	3685	537	187226	1992	11666	4460	2.4178e+06	11150	2758	92771	713	2681	3864	1068	439063	927	7607	5837	15162	3939	179880	11088	71457	49095	3909	373182	70054	35321	214921	3555	4723	11717	15750	520	1405	532	16553	164204	18405	18413	18479	6201	1.0711e+06	1493	33193	6556	2217	9315	889	14671	53297	27962	102194	992	106812	1571	771293	1314	790641	18560	9296	12663	84266	688	31468	10399	4345	193	38326	1036	3287	20340	Sauvignon Blanc	Sauvignon Blanc
421711	Sauvignon Blanc, Napa, CA 2004 (SB04)	9157	2604	184436	4231	1300	2467	4576	15450	209953	3005	44608	2353	2451	10740	37836	1852	10943	11287	21240	1609	35627	1034	30176	176586	2027	39187	1551	12697	165454	122406	21120	394176	1807	971	26665	104684	3203	385	188042	15132	12551	13480	1.35139e+06	9876	1244	126928	867	2066	4370	598	404998	797	9461	2974	20841	3992	155627	11618	99234	52005	4370	476974	178139	20886	259630	1945	5410	8258	14607	453	1910	463	19345	223397	17327	117521	24311	8641	1.42871e+06	1447	35813	7585	2375	10260	656	20952	63580	14911	94728	1146	112016	3564	1.10875e+06	581	491550	24995	10874	9891	48748	605	33229	28170	4315	285	47954	1427	3521	22125	Sauvignon Blanc	Sauvignon Blanc
421715	Sauvignon Blanc, Napa, CA 2004 (SB04)	12687	3599	194821	4261	657	2617	3702	17901	206723	2983	46599	3850	3766	9775	26834	4336	7151	12519	13809	1615	63413	1549	32285	203011	1815	45756	712	13153	182543	139453	21195	406880	4247	1206	28911	116279	3281	391	211886	2144	13984	2004	1.12344e+06	14127	1122	121957	986	5290	4636	967	454520	1406	8861	6819	16480	4226	130363	11911	73169	60174	4474	510705	174914	41297	203993	4010	3774	11439	17164	557	1315	1323	8119	239235	27105	34802	22059	7485	800997	2194	38372	7525	2547	10617	880	14513	60848	32185	96819	1319	231442	1307	1.11584e+06	2430	998031	25210	11521	12298	94849	836	37221	37827	4887	99	39710	1311	3826	21601	Sauvignon Blanc	Sauvignon Blanc
421719	Sauvignon Blanc, Napa, CA 2004 (SB04)	5059	2285	176443	4239	780	2866	3926	10807	243719	1708	47016	2168	2855	13771	32129	2704	6266	9242	3675	1918	47705	1245	24750	194169	2044	45768	3082	13946	168593	142744	21205	411928	2745	709	28890	110133	3491	682	215860	3461	13586	4415	787758	12566	1830	107469	825	3974	3648	1172	524479	898	9117	5344	17650	4042	180335	9715	83642	57715	4590	463559	161638	30835	303349	3245	6298	13726	16800	454	900	315	18331	194928	15092	15439	23062	7067	1.24558e+06	1510	37629	8239	2119	11099	998	16715	66040	23592	115287	1675	115704	2130	924057	2853	1.20751e+06	21923	9782	11820	70865	774	35739	10671	3838	205	42961	1314	3752	23715	Sauvignon Blanc	Sauvignon Blanc
421474	Viognier, Dunnigan Hills, CA 2004	21306	2532	121483	6570	748	3388	2487	8789	206641	2877	74791	9132	2651	12706	26457	2990	8853	11053	7142	1129	29778	440	23567	182849	21743	107768	6051	10560	163955	119370	15347	427896	7229	2087	32356	85862	4640	5350	258006	1055	10646	9844	575663	17867	3700	85016	1057	3715	2590	229	590853	31491	8908	7603	23816	10925	231523	30704	72004	46782	7286	371662	103382	13110	172239	36830	5204	27240	10254	694	547	309	132279	130451	13588	33330	16205	14677	2.3221e+06	4816	39469	4972	5056	6420	964	19634	10361	18936	229949	2501	96462	1124	891198	4462	450379	28089	17256	13392	8672	3630	35717	12905	12456	188	40278	821	5912	27398	Viognier	Viognier
421478	Viognier, Dunnigan Hills, CA 2004	9893	3347	125207	6900	439	3418	6556	8435	168613	2789	82594	10297	2045	10726	26688	3335	9173	11311	1684	1055	3980	449	23735	189778	15511	113862	3409	10513	170796	115383	15834	452524	8330	2117	35450	100057	5408	6430	259300	3636	10101	8056	977508	5141	2764	85524	1086	2984	2713	174	405303	29177	9839	8528	21118	10843	191288	31924	68966	47054	7706	362611	140453	13329	146233	38038	5121	25739	11115	677	865	199	146901	139585	10845	13906	16342	14096	2.14132e+06	5000	43769	5201	5576	6287	846	18233	11186	22052	221516	2362	51954	1612	952696	4887	471218	28547	18539	12300	8309	3730	37511	11990	14406	155	36145	908	5951	26375	Viognier	Viognier
421482	Viognier, Dunnigan Hills, CA 2004	23393	3552	120217	6936	909	3391	5911	8418	182029	3499	82157	9513	2120	11213	27852	3719	6522	10728	1769	1111	3267	445	24822	198839	13358	115069	289	11278	145139	119472	14775	425162	9476	2189	30238	95395	4614	6768	265173	1098	9630	7437	533105	5381	3570	87892	1168	3024	3136	208	597426	33545	10325	9287	22430	11665	209484	10435	72322	46247	7742	377973	128163	13376	173271	44190	5903	28522	11316	1236	876	149	119834	141398	12321	18122	16956	14099	2.21024e+06	5526	39167	5379	5524	6382	1071	16128	11279	22065	230700	2561	69054	1913	1.03111e+06	4829	505799	29482	18285	15411	7337	3971	36512	12669	15254	142	37561	1102	6365	28070	Viognier	Viognier
421486	Viognier, Dunnigan Hills, CA 2004	21540	2369	123227	7455	790	3566	5581	9198	183152	3296	82236	9545	1586	9896	29252	2130	8895	11844	5923	922	19457	423	25734	195083	16615	107185	1715	10545	171142	114397	14844	458239	4013	1857	31030	91773	4037	6082	267858	10686	9476	16942	556336	4220	2489	90339	860	2503	3627	243	548017	18900	9741	3992	22958	11509	204144	3344	76087	45521	7312	387536	131787	8091	198373	20784	5980	25964	9709	483	1740	225	160644	147284	10818	14690	17609	15643	2.31582e+06	4562	42675	4936	5238	6098	629	18305	10984	12688	218949	1937	52647	1051	942658	4545	491657	31348	19374	14022	5817	3159	35175	14331	12840	188	36619	701	6331	28590	Viognier	Viognier
421490	Viognier, Dunnigan Hills, CA 2004	20527	2817	117192	6418	517	3598	3941	7953	166880	3755	83840	8528	2098	10007	26328	3356	5989	10390	1791	1146	3599	336	21887	189186	15018	113201	7533	11171	158528	114199	13381	402981	6843	2095	34585	92199	4962	6491	252816	1293	9086	5487	997729	16518	1684	80622	1001	2764	3805	240	562118	26837	9366	6973	20530	10955	192947	32398	66768	46357	7378	350620	230911	14053	143625	32370	5325	26541	11242	729	772	207	153107	128545	10220	15071	15496	13802	2.064e+06	4926	40050	4995	5281	4671	742	15933	10927	17747	223585	2351	65244	1084	908778	5969	472264	26446	17234	11551	8367	4088	36575	10781	11471	245	32712	949	5508	26948	Viognier	Viognier
421494	Viognier, Dunnigan Hills, CA 2004	21072	4239	113118	6389	607	2955	3345	7648	200589	2284	75910	7933	2518	9516	25456	3034	6559	9873	5350	939	3593	539	21534	177375	23974	107644	2668	10416	136296	108448	13449	379974	7452	2094	27137	82926	4711	5506	252732	1020	8649	6100	969307	5176	3311	79296	902	2898	3561	255	591893	30256	9004	7837	20117	9492	242745	5661	68094	44020	6600	342540	91993	12008	159227	34678	5125	25154	10874	545	1901	304	129981	120033	13346	22518	14444	12911	2.27725e+06	4713	37078	4959	4797	5326	690	16444	9812	19090	221632	2372	70268	1638	925862	4783	450735	26188	15547	13320	7904	3559	31896	8899	9768	269	34731	833	5178	24976	Viognier	Viognier
421499	Viognier, Napa, CA 2004	9157	1573	104713	6663	943	1534	4743	11907	76363	1644	86411	4142	2070	34783	26341	2436	3596	5889	9038	730	4845	542	17285	186156	12904	45922	522	11191	85021	228599	10487	414135	2463	1205	20911	119997	3545	1497	557702	776	6956	5543	772752	4148	1407	64456	562	2948	3399	570	396475	7963	6191	4615	11312	8076	170800	7500	46385	29826	2996	346047	256985	6167	61073	8393	2951	13771	14673	902	1103	244	93654	215644	11239	17185	11834	10609	1.93307e+06	517	21065	853	4180	5511	547	9019	17861	12903	93003	985	83571	6403	1.16554e+06	5430	505043	20615	8778	4872	6587	504	21388	12620	2719	72	20312	746	3207	22878	Viognier	Viognier
421503	Viognier, Napa, CA 2004	12483	1463	95385	6134	549	1571	3980	9330	73217	2397	94240	1563	1501	38815	24017	2828	5428	5171	1199	766	3007	412	15533	186336	8717	49995	469	10581	83185	247297	10613	412294	2013	1027	27819	134180	3126	1562	621590	744	6705	5067	655426	9128	1615	60480	546	2778	2908	430	438197	6010	5230	4338	10356	8060	209447	6386	41988	28738	3104	433523	64943	6032	61131	6905	2910	15673	12787	1003	624	169	100559	192842	7593	10919	10560	9457	1.86556e+06	2116	21714	789	4098	5537	281	7820	16946	10326	107626	727	55121	4985	1.29107e+06	28217	485929	20211	8377	6086	5021	624	19793	2449	2440	136	19788	491	3075	22873	Viognier	Viognier
421507	Viognier, Napa, CA 2004	11861	4842	94267	6088	590	1406	3976	9922	73195	1980	83925	3750	2457	34488	26086	2458	4397	5438	6916	844	4301	436	16261	165866	10811	41476	414	11216	82824	222663	10357	377917	1813	1350	247044	114097	3290	1392	515893	666	7156	4083	918139	3642	1494	60534	606	2210	3670	593	378332	6841	5818	3788	11369	7259	177714	9583	41913	26619	2692	375051	113597	5817	53444	7575	3223	13731	12201	740	1285	441	96587	195057	13417	26574	9695	9969	1.94779e+06	627	20308	931	3802	5343	522	9476	15758	10749	83372	780	89408	5608	1.20697e+06	13798	480187	19263	7901	5165	4842	674	20714	8919	3436	222	19190	547	2923	21212	Viognier	Viognier
421511	Viognier, Napa, CA 2004	9216	1618	101264	6360	646	1706	4385	9004	73816	1723	85312	2008	1561	36505	25232	1298	5094	4591	1051	800	6294	374	14794	188404	9985	45308	501	11274	93032	251212	10430	406197	2224	1543	26782	131835	3242	1665	605458	744	6281	3961	962222	8397	1235	58514	600	2311	3736	392	443454	7307	5862	3953	9314	7889	225700	8049	39812	27576	2933	424363	59631	6208	73406	8982	3217	15990	13647	933	482	144	98825	188473	7771	10321	9603	8907	1.70686e+06	2280	20395	916	4122	5522	256	3291	17191	10668	95290	819	53822	5299	1.22348e+06	4861	484617	18890	7873	3714	5104	461	19614	514	2622	140	18245	597	3162	22748	Viognier	Viognier
421515	Viognier, Napa, CA 2004	11331	1305	94999	6206	827	1384	2790	9754	84713	2075	78360	3850	1680	36985	24117	2581	4417	6002	7349	928	935	444	16690	158959	9753	42334	479	11907	77919	199709	10372	382811	3096	1182	433200	108043	3593	1326	494839	802	7351	4813	1.44494e+06	3800	2433	64036	548	2113	3522	426	379285	9188	5492	5848	13279	7247	156153	22086	38208	27221	2916	294435	157427	8867	57877	11421	3405	12834	13011	677	474	197	60291	193906	6480	19403	9207	9175	1.54758e+06	413	19767	808	3897	5002	429	13114	16240	14463	87610	809	52347	6008	1.17273e+06	4594	443614	19665	8052	3966	6510	613	17754	9544	5519	88	26095	701	2504	20616	Viognier	Viognier
421519	Viognier, Napa, CA 2004	10779	3065	99510	6194	816	1778	4411	10637	76214	1777	86637	2367	840	39599	26376	3308	4165	5506	5835	797	2656	451	16917	175612	12874	42521	308	10976	81087	228494	12031	378839	1596	1201	227402	122265	3219	1478	526340	632	6942	5365	768000	8408	1428	62548	673	1260	3407	535	382674	6490	6562	3046	11398	7410	181481	9057	43603	27423	2829	399255	91796	5013	55908	6318	3328	14153	12632	708	2043	371	100115	205610	15242	27632	9846	11338	2.01394e+06	638	20362	829	4174	5361	280	6929	16726	8842	85654	791	93812	5896	1.16396e+06	20480	479796	19463	8220	4822	3581	512	19601	8257	2741	187	19534	560	3130	22836	Viognier	Viognier
